141
173
141
109
101
110
130
199
105
145
163
137
150
188
138
175
117
159
126
113
164
178
169
165
102
117
102
132
198
161
120
184
178
127
148
142
101
171
105
113
162
127
148
143
196
128
126
141
105
130
104
199
184
157
139
118
151
183
112
151
121
161
106
116
140
112
180
112
137
188
161
176
199
114
107
171
107
135
174
181
131
195
115
155
166
140
179
131
139
157
125
146
142
186
142
165
188
107
175
127
115
120
142
116
111
129
112
167
127
187
112
114
188
175
119
131
107
181
142
154
193
138
155
192
115
125
104
179
144
174
150
183
107
163
151
171
181
132
165
148
181
124
117
134
109
120
131
144
109
197